dir	p	OR	CILow	CIHigh	up_total	down_total	up_overlap	down_overlap	all_total	overlap_total	Tissue	Cluster	Name	Clade
Up	0.000595517534511162	2.36364514492571	1.43639882770776	3.69645810400423	280	670	21	25	95130	3155	DH	1	Ogc	Glia
Down	0.515881136064001	1.12992544243658	0.724589063467235	1.68653582874811	280	670	21	25	95130	3155	DH	1	Ogc	Glia
Up	0.300893926921763	1.23372402391645	0.784742520519673	1.85202298773313	808	888	24	19	169709	4109	DH	2	DG.Card6.1	ExN
Down	0.661898312862302	0.881166955190191	0.527376391868924	1.38633389710833	808	888	24	19	169709	4109	DH	2	DG.Card6.1	ExN
Up	0.0212729957545676	1.50536196067884	1.04059936092587	2.11246156522819	971	690	35	22	166396	4033	DH	3	DG.Card6.2	ExN
Down	0.212452013522474	1.32587792569339	0.824306216819157	2.02723777088055	971	690	35	22	166396	4033	DH	3	DG.Card6.2	ExN
Up	0.215536623054765	1.25062931223064	0.838419312271225	1.79907106459912	1079	787	30	16	186705	4174	DH	4	CA1	ExN
Down	0.809025990076714	0.907506936579414	0.515601952298173	1.48505543305747	1079	787	30	16	186705	4174	DH	4	CA1	ExN
Up	0.0659274590385257	1.44038501010593	0.949451356898848	2.10203021529002	796	767	28	16	156444	3862	DH	5	DG.Penk	ExN
Down	0.560664606154122	0.841727109307465	0.478129225357901	1.37779227598363	796	767	28	16	156444	3862	DH	5	DG.Penk	ExN
Up	0.372210401588195	1.18151926742972	0.797742502104849	1.68967520740499	1109	729	31	21	183960	4371	DH	6	Inh	InN
Down	0.391618546647356	1.2186632338609	0.748844997019004	1.87984758767815	1109	729	31	21	183960	4371	DH	6	Inh	InN
Up	0.916776740511701	1.01390537981652	0.645755557497237	1.51966994532223	1020	719	24	9	174031	4040	DH	7	Sub_Ent	ExN
Down	0.0609822125302912	0.533370481692084	0.242706620969298	1.01930467450148	1020	719	24	9	174031	4040	DH	7	Sub_Ent	ExN
Up	0.307002813427502	1.31104374150805	0.740921752965063	2.16001540968255	394	801	16	27	119613	3741	DH	8	Asc	Glia
Down	0.683049761318142	1.08045171913112	0.70644405844653	1.58710166027076	394	801	16	27	119613	3741	DH	8	Asc	Glia
Up	0.000165424634413918	1.87786733827004	1.35369252983265	2.54406729668151	1055	817	44	16	187318	4243	DH	9	CA2-3	ExN
Down	0.637778426273811	0.86187379495313	0.489773416255162	1.40995848350222	1055	817	44	16	187318	4243	DH	9	CA2-3	ExN
Up	0.000883060175692183	1.96152744867235	1.31445114541656	2.83043267857178	488	298	31	16	79968	2673	DH	10	Mcg	Myeloid
Down	0.0724041176416719	1.64065198713581	0.923624161112168	2.71648208935962	488	298	31	16	79968	2673	DH	10	Mcg	Myeloid
Up	0.000294255520983874	2.19399890305264	1.42898584099003	3.23750859587215	508	1125	27	33	163428	4077	DH	11	Choroid_Plexus	Glia
Down	0.336951309086103	1.18114793303908	0.807775686470815	1.67161980744891	508	1125	27	33	163428	4077	DH	11	Choroid_Plexus	Glia
Up	0.256465491236763	1.32066875253422	0.759939282640881	2.14764542526918	379	579	17	24	95959	3295	DH	12	Opc	Glia
Down	0.358178507016889	1.21610833549664	0.771416272538095	1.83178997102402	379	579	17	24	95959	3295	DH	12	Opc	Glia
Up	0.639975583641205	1.22576318405875	0.438657645978911	2.76957911127874	108	146	6	3	25507	1168	DH	13	Endo	Glia
Down	0.166205765452108	0.437174590179322	0.0889680805219458	1.3068322279604	108	146	6	3	25507	1168	DH	13	Endo	Glia
Up	0.376892662373676	1.24573581787525	0.684977689364997	2.10196769973866	254	134	15	7	38904	1866	DH	14	Pericytes	Glia
Down	0.688442315763655	1.09401571253626	0.430495358335871	2.32489887721267	254	134	15	7	38904	1866	DH	14	Pericytes	Glia
Up	0.00363197661179776	2.53199483578548	1.30060580142435	4.53936587671326	117	125	13	4	24510	1153	DH	15	SMC	Glia
Down	0.668119853579799	0.669674948811568	0.17926940926021	1.76413448190399	117	125	13	4	24510	1153	DH	15	SMC	Glia
Up	0.461115390590312	1.15964781822826	0.759270113369865	1.70048585529161	960	1031	27	20	199242	4851	FC	1	L2-3	ExN
Down	0.360748626304149	0.792727356102429	0.48168347506601	1.23232815778225	960	1031	27	20	199242	4851	FC	1	L2-3	ExN
Up	2.88856974827682e-06	2.45712917197175	1.71384703217375	3.43054209773995	493	759	38	21	125308	4119	FC	2	Ogc	Glia
Down	0.475161638396574	0.837210012631252	0.514575093341557	1.29114992386484	493	759	38	21	125308	4119	FC	2	Ogc	Glia
Up	0.00359504887985693	1.65271612495949	1.16624646232764	2.27970130460741	984	1015	39	11	200022	4873	FC	3	L4	ExN
Down	0.0028918403214398	0.438763127587803	0.218181779108876	0.789187446121815	984	1015	39	11	200022	4873	FC	3	L4	ExN
Up	0.233062203545886	1.2140000260052	0.849268027011643	1.68603821291812	1161	773	37	19	193564	5110	FC	4	Inh.Vip.Npy	InN
Down	0.910185377982295	0.92932329447662	0.555869909749964	1.4630498995065	1161	773	37	19	193564	5110	FC	4	Inh.Vip.Npy	InN
Up	0.676194101962988	1.0884623867697	0.705319958089024	1.61037593716269	739	720	26	21	146010	4733	FC	5	Asc	Glia
Down	0.750953357684222	0.896761995609965	0.551028459248775	1.38330128598817	739	720	26	21	146010	4733	FC	5	Asc	Glia
Up	0.925103885924789	0.955764970923337	0.631672585531322	1.3903355421838	1209	894	28	9	210530	5096	FC	6	L5a.Deptor	ExN
Down	0.00308303376070284	0.409961783856427	0.18672876608452	0.782434530815892	1209	894	28	9	210530	5096	FC	6	L5a.Deptor	ExN
Up	0.92044793837494	1.00250785925091	0.650087556806543	1.48197412851702	831	549	26	16	138185	4313	FC	7	Inh.Sema5a.S100a13	InN
Down	0.902047710464686	0.931758166381098	0.528194532405827	1.52903497179432	831	549	26	16	138185	4313	FC	7	Inh.Sema5a.S100a13	InN
Up	0.0908321973587707	0.638484415110582	0.355545307920081	1.05997918736391	901	952	15	19	185436	4790	FC	8	L6	ExN
Down	0.304320568317257	0.768006465461348	0.45986731827015	1.20754963794712	901	952	15	19	185436	4790	FC	8	L6	ExN
Up	1	0.979635155767362	0.542510704142351	1.63786990627883	415	479	15	21	89535	3301	FC	9	Mgc	Myeloid
Down	0.394368234282175	1.19780267237586	0.733306097415575	1.85624122089385	415	479	15	21	89535	3301	FC	9	Mgc	Myeloid
Up	0.921984823560497	1.00442174481566	0.657863263335966	1.47226084594653	1027	792	27	18	182065	4766	FC	10	Inh.Six3.Def6	InN
Down	0.654657734578455	0.86513512253938	0.509545826843511	1.37803987882022	1027	792	27	18	182065	4766	FC	10	Inh.Six3.Def6	InN
Up	0.232807360337157	1.23283994505033	0.837335034907675	1.75509379483621	963	857	32	24	182165	4941	FC	11	Inh.Sst.Pvalb	InN
Down	0.83284738763928	1.03342468299757	0.657697335512854	1.55020635030149	963	857	32	24	182165	4941	FC	11	Inh.Sst.Pvalb	InN
Up	0.114872287474321	1.38500304980386	0.880485752361128	2.08062343475532	720	1295	24	23	201630	4898	FC	12	Claustrum	ExN
Down	0.146113163165329	0.726268097568047	0.458252298828295	1.09598648855617	720	1295	24	23	201630	4898	FC	12	Claustrum	ExN
Up	3.62618727539755e-06	2.21750310822806	1.5973291298165	3.01049077523165	630	686	45	37	132553	4444	FC	13	Opc	Glia
Down	0.00546906580107406	1.6434529083699	1.1451323182127	2.29308920881993	630	686	45	37	132553	4444	FC	13	Opc	Glia
Up	0.254179297905518	1.33729772827122	0.772466034494372	2.1641997211411	544	1473	17	30	201880	4755	FC	14	L5.Parm1	ExN
Down	0.489502138447637	0.861878872751739	0.578686289930516	1.23752888370244	544	1473	17	30	201880	4755	FC	14	L5.Parm1	ExN
Up	0.798897808444067	1.01656363608966	0.269789589662229	2.71539802418312	81	231	4	6	31388	1526	FC	15	Endo	Glia
Down	0.123491832931201	0.521832728833712	0.189172788091858	1.15647022923849	81	231	4	6	31388	1526	FC	15	Endo	Glia
Up	0.207995074839576	1.47712920471706	0.74645138224956	2.65781102228281	171	366	12	16	53838	2617	FC	16	Peri	Glia
Down	0.806696458471105	0.894739202931911	0.505003728442089	1.47655646239697	171	366	12	16	53838	2617	FC	16	Peri	Glia
Up	0.0675658941854748	1.69712508674641	0.890424927817487	2.95857608174329	267	954	13	26	122257	3579	FC	17	L5b.Fezf2	ExN
Down	0.846688162372463	0.929039240761587	0.602755778050501	1.37249803146943	267	954	13	26	122257	3579	FC	17	L5b.Fezf2	ExN
Up	0.0306769987712833	0.475856523592783	0.203763364591654	0.948437906244736	419	70	8	3	49087	1929	FC	18	Inh.Lrrc38.Plcxd3.Prok2	InN
Down	0.755763022471706	1.09462432705419	0.220003565614183	3.34417647616421	419	70	8	3	49087	1929	FC	18	Inh.Lrrc38.Plcxd3.Prok2	InN
Up	0.0790794652751311	0.675280928223354	0.415380593768804	1.0402672515166	844	662	21	23	150726	5488	HT	1	CM	Muscle
Down	0.917173549688943	0.952561917034139	0.59889786900187	1.4436964181896	844	662	21	23	150726	5488	HT	1	CM	Muscle
Up	0.744229762563456	0.90019169333551	0.545012454786672	1.40556316390738	568	758	20	21	132869	5177	HT	2	FB	Other
Down	0.130514048818098	0.702807079892949	0.432046029398153	1.08360943462218	568	758	20	21	132869	5177	HT	2	FB	Other
Up	0.546101529146149	0.882558138833036	0.59582799816548	1.26225313446573	1055	464	31	31	152061	5043	HT	3	Endo	Other
Down	0.000359253653191334	2.08705149977177	1.3991129450941	3.01056350511786	1055	464	31	31	152061	5043	HT	3	Endo	Other
Up	0.0313540487467366	0.684694547431886	0.468965949440395	0.967282728091821	1424	364	33	32	178927	5992	HT	4	Low_quality	NA
Down	1.02104797808713e-06	2.78173861084477	1.87016872836	4.00848941852547	1424	364	33	32	178927	5992	HT	4	Low_quality	NA
Up	0.785892444309539	1.0400835826494	0.710753590708954	1.47320941004457	957	480	33	23	143802	4774	HT	5	Macg	Myeloid
Down	0.0743140326962265	1.46562360243175	0.918774370221926	2.22933267844243	957	480	33	23	143802	4774	HT	5	Macg	Myeloid
Up	0.459022390535631	0.846892201062896	0.549213718478466	1.25179959416937	835	411	26	22	124777	4562	HT	6	SMC	Muscle
Down	0.0848083563597905	1.49027779843901	0.922185989478754	2.29170735295816	835	411	26	22	124777	4562	HT	6	SMC	Muscle
Up	0.259994555823806	1.18937792141045	0.846446207786354	1.62922295606608	949	241	41	13	119177	4359	HT	7	Endo	Other
Down	0.165227149654743	1.50183449485937	0.786905333075199	2.62312707559455	949	241	41	13	119177	4359	HT	7	Endo	Other
Up	0.751644874294996	1.12057651138674	0.225337453323069	3.42001342458214	72	356	3	13	42998	1606	HT	8	Bcell	Lymphoid
Down	1	0.97683298702828	0.513680767405273	1.69785757895142	72	356	3	13	42998	1606	HT	8	Bcell	Lymphoid
Up	0.0806036138989817	1.57591060200955	0.882569424617927	2.62665506659241	219	189	16	13	56707	2701	HT	9	Fat	Other
Down	0.169808481910007	1.47685636046161	0.770022470860413	2.59622343190327	219	189	16	13	56707	2701	HT	9	Fat	Other
Up	0.14558404463013	1.89503617679501	0.674730314433797	4.31373228134626	89	188	6	8	34345	1262	HT	10	Tcell	Lymphoid
Down	0.694611729182039	1.16509263511061	0.494330210731081	2.35276166776502	89	188	6	8	34345	1262	HT	10	Tcell	Lymphoid
Up	0.326444178600758	0.79314049106566	0.492483165129703	1.2144784534774	599	181	22	14	78160	3585	HT	11	doublet	NA
Down	0.0498897111130183	1.74385599788948	0.932140733329666	3.01272830762972	599	181	22	14	78160	3585	HT	11	doublet	NA
Up	0.117194591828277	0.739530939693067	0.493837881221617	1.06889507662075	587	406	30	25	99448	6751	LM	1	Skm.Fhl3..1	Muscle
Down	0.692566685563711	0.900972784390282	0.575282520847401	1.35196626823275	587	406	30	25	99448	6751	LM	1	Skm.Fhl3..1	Muscle
Up	0.0936814811191573	0.716210097480983	0.471414239042753	1.04705389164508	614	524	28	44	113973	7128	LM	2	Skm.Fhl3.Myh1	Muscle
Down	0.0467577103142533	1.37402034939336	0.984291711600218	1.87515935389197	614	524	28	44	113973	7128	LM	2	Skm.Fhl3.Myh1	Muscle
Up	0.607433096933151	0.892253957693379	0.60741513680089	1.26961696557052	576	496	33	37	107341	6845	LM	3	Skm.Fhl3.2	Muscle
Down	0.3111295122124	1.18348623128872	0.821961607273613	1.65766470790259	576	496	33	37	107341	6845	LM	3	Skm.Fhl3.2	Muscle
Up	0.445137109499888	0.835575304810459	0.534208646427048	1.25193998653387	451	465	25	23	91704	6018	LM	4	FB	Other
Down	0.187529401103181	0.740895722007457	0.464380308436483	1.12725550547125	451	465	25	23	91704	6018	LM	4	FB	Other
Up	0.104212881762949	0.760170885824093	0.533355648021552	1.05396041244951	813	384	38	28	119899	7265	LM	5	Low_quality	NA
Down	0.333537261728219	1.2193843660894	0.798196069043097	1.7946046450973	813	384	38	28	119899	7265	LM	5	Low_quality	NA
Up	0.354269624444261	0.816760031014963	0.527054442212397	1.21463378824324	470	225	26	12	69657	4660	LM	6	Endo	Other
Down	0.503614879489842	0.785787365936147	0.399413553975427	1.40293148134371	470	225	26	12	69657	4660	LM	6	Endo	Other
Up	0.199648300933385	0.690248629281473	0.372208736527144	1.17895177417034	291	604	14	27	89659	6117	LM	7	Kerat	Other
Down	0.0227585849719447	0.639059454670273	0.417134982174456	0.940671799468203	291	604	14	27	89659	6117	LM	7	Kerat	Other
Up	0.0332194646104708	0.676466117958914	0.452240146836232	0.976384595242732	666	341	30	24	100839	6573	LM	8	Skm.Fhl3.3	Muscle
Down	0.660242313433972	1.08575643791098	0.684882605041773	1.64673299650023	666	341	30	24	100839	6573	LM	8	Skm.Fhl3.3	Muscle
Up	0.407702472683021	1.14407601483418	0.789687447609353	1.61122742169545	483	69	36	5	55379	3642	LM	9	Macg	Myeloid
Down	0.805650322989701	1.10980505772627	0.348306291893953	2.72970436727947	483	69	36	5	55379	3642	LM	9	Macg	Myeloid
Up	0.761555847583563	1.06064389415158	0.693889459194527	1.56187030652337	382	285	28	22	66859	4640	LM	10	SMC	Muscle
Down	0.559820989828178	1.12168128927814	0.690295188840206	1.73673264266877	382	285	28	22	66859	4640	LM	10	SMC	Muscle
Up	1	0.989658287035858	0.701399572226371	1.36223295986074	587	211	41	11	79929	5637	LM	11	Fat	Other
Down	0.346735319005228	0.724850982980282	0.355856109953795	1.32624578824299	587	211	41	11	79929	5637	LM	11	Fat	Other
Up	0.451790444442312	0.73975259839597	0.331491962178016	1.44435572494957	157	362	9	16	52002	3950	LM	12	MSC	Other
Down	0.0213367925775392	0.562577380452906	0.317613152240982	0.9279072006239	157	362	9	16	52002	3950	LM	12	MSC	Other
Up	0.00731123983148477	0.252155160911164	0.0513993388732711	0.751871641305692	166	13	3	1	18169	1236	LM	13	Bcell	Lymphoid
Down	0.599997335980677	1.14164360685529	0.0266854100390123	7.72787479821838	166	13	3	1	18169	1236	LM	13	Bcell	Lymphoid
Up	0.370739882452369	1.32406482464321	0.64281683452752	2.45959211905131	128	566	11	37	69519	4609	LM	14	Skm.Fhl3.Cyrm.Ache	Muscle
Down	1	0.985033523417414	0.6849718926211	1.37767672676743	128	566	11	37	69519	4609	LM	14	Skm.Fhl3.Cyrm.Ache	Muscle
Up	1	0.981634961983292	0.526474683095498	1.68861523565063	212	368	14	21	58193	3910	LM	15	Skm.Fhl3.Wdr31	Muscle
Down	0.529873942344332	0.84018444952211	0.512870473626081	1.30668515669419	212	368	14	21	58193	3910	LM	15	Skm.Fhl3.Wdr31	Muscle
Up	0.0638980835403543	0.187396043537265	0.00468999650223215	1.07425859824305	93	24	1	0	11819	648	LM	16	neutrophils	Myeloid
Down	0.6397819056476	0	0	2.87207742646212	93	24	1	0	11819	648	LM	16	neutrophils	Myeloid
Up	0.820858023260505	0.736025871112309	0.19549159721041	1.96352256190772	86	65	4	6	15815	983	LM	17	Eryth	Myeloid
Down	0.298076138299395	1.53435178592771	0.539954173798226	3.55515536938079	86	65	4	6	15815	983	LM	17	Eryth	Myeloid
Up	0.22400688834672	1.2389602495334	0.863690141986162	1.72788957348179	724	327	37	17	105212	4383	BM	1	Neutrophil.Il1b	Myeloid
Down	0.331020592742092	1.26153553170565	0.72478255997787	2.05549914319263	724	327	37	17	105212	4383	BM	1	Neutrophil.Il1b	Myeloid
Up	0.557575696894541	1.15060515145297	0.619149969378185	1.97054588606523	257	581	14	19	83948	4003	BM	2	Eryth	Myeloid
Down	0.0960974329341784	0.675180791214721	0.40300944933375	1.06583889413376	257	581	14	19	83948	4003	BM	2	Eryth	Myeloid
Up	0.941207974676518	1.00227090939312	0.734746644337984	1.33899382035454	891	305	49	16	119796	6574	BM	3	Naive.B.cell	Lymphoid
Down	1	0.953505645152075	0.537455542454331	1.5763673975285	891	305	49	16	119796	6574	BM	3	Naive.B.cell	Lymphoid
Up	0.786486075939105	1.04548226416451	0.716520358826903	1.47897347361094	634	527	34	25	116249	5977	BM	4	Neutrophil.Ms4a3	Myeloid
Down	0.766757997171684	0.918794029183913	0.588380887663645	1.37377612184881	634	527	34	25	116249	5977	BM	4	Neutrophil.Ms4a3	Myeloid
Up	0.922828460555673	1.00245108370681	0.659689754263691	1.46583609429319	629	402	28	18	103285	4587	BM	5	Neutrophil.Gpr27	Myeloid
Down	0.903554690450303	1.00860518841527	0.590840113174247	1.61756929044935	629	402	28	18	103285	4587	BM	5	Neutrophil.Gpr27	Myeloid
Up	0.238868912459998	1.2058570429774	0.869740693706286	1.63464326716958	673	634	45	22	130843	7339	BM	6	Monocyte	Myeloid
Down	0.0188998064644056	0.604933482648715	0.376076484818402	0.925078978049212	673	634	45	22	130843	7339	BM	6	Monocyte	Myeloid
Up	0.000273711229796422	0.400464241187008	0.211654649874059	0.691606070012164	513	653	13	54	116703	7115	BM	7	Pre.B.cell	Lymphoid
Down	0.0264650120348134	1.3885128420083	1.02980252045901	1.83836471327715	513	653	13	54	116703	7115	BM	7	Pre.B.cell	Lymphoid
Up	0.392394374762048	0.843681715404245	0.567663154872547	1.21156625960789	630	655	31	36	128607	7433	BM	8	Pro.Eryth	Myeloid
Down	0.866467075679658	0.948106413759461	0.657303453422103	1.32842363893563	630	655	31	36	128607	7433	BM	8	Pro.Eryth	Myeloid
Up	0.000618441143561657	1.58356546819963	1.21431212024312	2.03628627660227	758	456	68	25	121598	7124	BM	9	T.cell	Lymphoid
Down	0.841425199051369	0.932063500744196	0.596009311486066	1.39606101077283	758	456	68	25	121598	7124	BM	9	T.cell	Lymphoid
Up	7.21748968315597e-08	1.93105303916015	1.5294812746373	2.41311405134605	802	464	89	22	126769	7697	BM	10	Macrophage	Myeloid
Down	0.282659192953918	0.769989411006186	0.477316631310302	1.18154662688506	802	464	89	22	126769	7697	BM	10	Macrophage	Myeloid
Up	0.194743191089808	1.20531950314421	0.897790414244455	1.58934117586702	742	554	55	24	129713	8079	BM	11	FB	Other
Down	0.0641960495436465	0.681749920674335	0.432640797071752	1.02634457516512	742	554	55	24	129713	8079	BM	11	FB	Other
Up	0.0875413928106236	1.30486651554952	0.947353843773763	1.75932897102169	645	657	47	44	130381	7407	BM	12	Basophil	Myeloid
Down	0.271277384092008	1.19168659501233	0.856109238633754	1.62095012056895	645	657	47	44	130381	7407	BM	12	Basophil	Myeloid
Up	0.0807319124087097	0.700231111649138	0.448942382714986	1.04550202748821	584	725	25	52	131077	7869	BM	13	Dendritic.Cells	Myeloid
Down	0.182794190019491	1.209780177545	0.893418298335388	1.60703914539195	584	725	25	52	131077	7869	BM	13	Dendritic.Cells	Myeloid
Up	0.420457207580667	0.818845111499155	0.506746103470659	1.2591367361649	401	757	22	58	116094	7685	BM	14	Late.Pro.B.cell	Lymphoid
Down	0.241050447084601	1.17049964582969	0.878630655433698	1.5330371803786	401	757	22	58	116094	7685	BM	14	Late.Pro.B.cell	Lymphoid
Up	0.0508832508016413	1.32939443358033	0.98182495572343	1.76726668643461	584	463	53	46	104830	7321	BM	15	Endo	Other
Down	0.0172089020129957	1.46923018611116	1.05808826383375	1.99742859258607	584	463	53	46	104830	7321	BM	15	Endo	Other
Up	0.000189859555848522	1.80797418469919	1.32232193286394	2.42654754223918	451	752	51	52	120486	7937	BM	16	HSC	Other
Down	0.712138796560684	1.05341335839626	0.778225268082766	1.39866420044419	451	752	51	52	120486	7937	BM	16	HSC	Other
Up	0.0206860632691832	1.44234285655702	1.04661282104741	1.94791389632383	497	328	48	20	82663	5704	BM	17	Plasma.Cell	Lymphoid
Down	0.662076291093913	0.876108004206318	0.527284101136512	1.37828654767212	497	328	48	20	82663	5704	BM	17	Plasma.Cell	Lymphoid
